00000000000000000000000000000000000000000000000000
92222728230006222230000622006222222222230000622300
00101012l20001000122222111304000000000000622222220
06222300010000000000001111121000000000000100110000
01001222212222220622221222222722222000622122120000
01300201000101010101010010101030000000100000012220
62222401000100010101010010101010000000100000010000
10001001000100010101010010101010000000100000012230
12222224000100010101010010101010000000622223240010
10000001000522212222227222222212222222100000012210
10010105222000010000000000000000000000122227240010
10010100000222222222222222222230000006400001000010
10000100000000000001000000000000100001000000000000
52222122222222222301000300000000106001222222222220
00000100000000000122222122222222121000000000000000
00000100000000000100000100000000122222222222222230
62272122222228222223022100000000100006222222222240
10000100000000000001000000000000100001000000000000
10000100000000000001000000000000l00001000000000000
12222222223000000007000000062222100012222240000000
10000010005222222301000000010000100640000000000000
10000010000000000101000000012222222106222300000000
52222210001006222722222300010000000101000100010010
00100012221001000000100100010000000101000110010010
00122210001222230000122222210000006222222222222240
62100010000000012222100000000000001011000000010000
12223012222222240000122222230000001222222000010000
10001010000222250000000000012222220100000222222220
12221210000010002222100000010000000410000300000000
10001010011010000000100010010000001010000622222220
52222222222210000000100052222222222222222100010000
00000000100010000000100000000000000000000100010000
00000000100052222000122222212222222222222100012220
00000000100010005222300000000000000000000127214050
01001000100000000000622222222222220222222122210010
6227224010000000000010000001222l223000000522240000
10001000100000000000522222222222221000000000000000
52224000122222220062000001010000101062232221220620
00100062405227230522422222240122222222200100052400
00522840000000052224000000000000000000000005222400
00001006l22222240005222272222222300000000000010000
06222224000000018001000000000000522222l22222212230
01000005222222210001000006222222400000000000010010
01000000000000010007000001000000100000000000080010
05223000000000010001000001000000522222222222210010
00005222222222040005232224000000100000000000010010
00000000000000000000010000000000522222222272212240
062222222222222l2222240000700000000000000000010000
00000000000000000000000000000000000000000000010000
06222222222222222222222222222222222222222222240000
01000000000000000000000000000000000000010000000000
01222222300000000000000000000062222222240000000000
01000000522222230000000000000010000000000000000000
06227282000100052222222222222222222222220000000000
00000000000100000000006221223000000000000000000000
01000000000700000000001001001000000000000000070000
01000000000100000000001001005222222222222300000000
0l000000000100000000624001000000000000000122222280
01000000000522822232100001000000000000000100000000
05222222223022101010522222222222722222222122200000
00001222221000101010000000000000022282222400000000
00008000001000101010000000000000000000000000000000
00001000001000l0l0l0000008000000000000000000k00000
00005222222220101010000000000000000000000000000000
00000001000000101052222222222222222222222223000000
00000001000000000000000000000000000000000001000000
00000005222222222222222822722222222222222224000000
00000000000000000000001000000000000000000000000000
0000000000l00000000000l000000000000000000000800000
00000000000000000000001000000000000k00000000000000
00000000000000000622224000000000008000000000000000
00070000000000000100000000000000000000000000000000
000000000000082222222222222222222722222l2222222300
00000000000000000000000000100000000000000000000100
00072222222222222222222222400000000000000000000100
00000000000100000000011000000000000000062222222400
00062222222400000000011000000000000000010000000000
00010000000000000000011000000070000000052222222230
000522222228222222230l7000000000000000000000000010
00000000010000000000010222222222222222227222222240
00000000010000000000010000000000000000000000000000
00000272240000000000052222222222222822223000000000
00000000000000000000000000100000000000001000000000
00000000000006222222222222222222222222224000000000
0000000000000l000000000000100000000l00000000000000
08222222222221222222222222122228222122222222222270
00000000000001000000000000522222222100000000000000
00000000000001000000000000000000000100000000000000
06222222222224000000000000000000001100000000000000
01000000000000000000000000000000001100000000000000
0222222822222222222222300006227222l222222222222300
01000000000000000000005222240000000000000000000100
01222222222282222000000000000000000000000000000100
01000000000100000000000000000000000006222282222400
01000000000522222722222222222228222201000000000000
01222222220000000006222222222227222005222l22222230
01000001222222222224000000000000000000000001000640
05300001000000000000000000000000000000000001000100
0052222l222222222222272222822222220000000000000k00
00000000000000000000000000000000000000000000000000

1 9 4 9
4 18 4 35 
3 1 3 5
9 11 9 38
8 5 19 5
13 0 13 17
15 17 15 34
1 46 10 46
16 19 22 19
15 32 15 48
12 32 21 32
19 0 19 10
21 27 21 35
